1.154957
1.151711
1.164693
1.19293
1.170211
1.110493
1.15236
1.186439
1.219868
1.134834
1.170535
1.162746
1.136133
1.184816
1.156255
1.160799
1.146843
1.203315
1.143922
1.18157
1.175079
1.165018
1.172483
1.204289
1.143273
1.200719
1.142299
1.157878
1.176053
1.156904
1.175404
1.173132
1.147492
1.168913
1.201044
1.205263
1.133536
1.130291
1.231876
1.18514
1.160474
1.144571
1.15593
1.153009
1.12315
1.18157
1.143597
1.156579
1.198447
1.175079
1.158851
1.130615
1.107572
1.163071
1.184491
1.136133
1.10887
1.183842
1.163395
1.161448
1.209482
1.171184
1.158202
1.147492
1.201693
1.190982
1.21792
1.127045
1.186114
1.158202
1.191307
1.200719
1.180921
1.1595
1.164369
1.170211
1.193254
1.159176
1.150413
1.169886
1.182219
1.175079
1.175728
1.149764
1.196824
1.218894
1.185789
1.123475
1.16729
1.155281
1.17443
1.191307
1.194877
1.146194
1.195202
1.150737
1.180272
1.158527
1.12315
1.14879
1.197149
1.172158
1.129317
1.126396
1.138404
1.149439
1.129317
1.136133
1.165992
1.178649
1.187737
1.192281
1.158202
1.179623
1.16015
1.119256
1.218894
1.159176
1.125747
1.197798
1.190009
1.190658
1.149439
1.183193
1.162421
1.129641
1.202017
1.149439
1.17443
1.180921
1.150737
1.131913
1.151387
1.144895
1.193254
1.183518
1.160474
1.193254
1.161772
1.200394
1.156904
1.174105
1.093616
1.197798
1.144246
1.190982
1.148141
1.186439
1.165342
1.161123
1.199421
1.20364
1.167614
1.13808
1.183518
1.134185
1.169886
1.171509
1.155606
1.156904
1.16729
1.162097
1.173132
1.189684
1.133536
1.156904
1.175728
1.184167
1.169886
1.178
1.162746
1.166965
1.198123
1.193579
1.156255
1.187088
1.187412
1.152685
1.170535
1.193903
1.183842
1.186439
1.188386
1.124449
1.156255
1.132887
1.151387
1.166316
1.132238
1.180597
1.149439
1.128343
1.187412
1.167614
1.149439
1.210131
1.139378
1.184491
1.155606
1.217596
1.183193
1.141001
1.142948
1.156255
1.190009
1.1595
1.195526
1.194228
1.132887
1.153658
1.151711
1.192605
1.147167
1.213052
1.191956
1.20007
1.143922
1.124773
1.162097
1.179298
1.191956
1.208184
1.159825
1.181246
1.188386
1.166316
1.147492
1.18157
1.155281
1.181246
1.184491
1.194552
1.143273
1.137755
1.137106
1.166641
1.179947
1.204289
1.115361
1.161772
1.167614
1.178
1.179298
1.187412
1.151387
1.159825
1.157878
1.171834
1.17443
1.17086
1.202342
1.198772
1.166641
1.191631
1.193254
1.163071
1.123799
1.142948
1.156579
1.184816
1.167614
1.13451
1.104326
1.185465
1.176702
1.176702
1.175079
1.15593
1.178325
1.175079
1.178974
1.193254
1.128343
1.167939
1.147492
1.178
1.11958
1.178649
1.202666
1.180597
1.165018
1.190982
1.135808
1.191631
1.178649
1.196824
1.194552
1.181246
1.162421
1.152036
1.18514
1.193579
1.167614
1.144246
1.144571
1.162097
1.20007
1.200719
1.168913
1.154308
1.127694
1.130615
1.157878
1.191631
1.133212
1.187088
1.176702
1.172158
1.169562
1.124449
1.168588
1.138404
1.217596
1.136133
1.16372
1.180272
1.201368
1.194228
1.16015
1.155606
1.165342
1.17086
1.162097
1.153658
1.150088
1.103352
1.173781
1.144895
1.169237
1.202017
1.153334
1.165667
1.189035
1.111791
1.132562
1.141325
1.175404
1.217271
1.153983
1.205912
1.172158
1.166316
1.164693
1.095888
1.211429
1.186114
1.133536
1.176053
1.208508
1.227982
1.221815
1.193579
1.179298
1.124124
1.215648
1.156579
1.152685
1.168263
1.175728
1.176377
1.091344
1.091668
1.16729
1.131264
1.178
1.190658
1.187737
1.169886
1.134834
1.15236
1.128019
1.199745
1.14165
1.152036
1.194552
1.198123
1.185789
1.170535
1.152685
1.168263
1.186763
1.139703
1.121852
1.189684
1.166316
1.175079
1.174755
1.166316
1.218569
1.13808
1.21792
1.178974
1.176053
1.171834
1.115361
1.149439
1.185789
1.133212
1.157553
1.175728
1.20007
1.168913
1.195851
1.121852
1.130615
1.173456
1.144895
1.157878
1.22214
1.165667
1.17086
1.183518
1.165667
1.14522
1.185465
1.1595
1.168263
1.206236
1.169562
1.197149
1.154308
1.185465
1.165667
1.116984
1.180921
1.218894
1.158527
1.146843
1.173132
1.160799
1.188386
1.181895
1.184491
1.164369
1.131589
1.165992
1.14522
1.104651
1.166316
1.114712
1.201368
1.138404
1.14522
1.156579
1.200719
1.201693
1.176053
1.144895
1.140352
1.181895
1.154632
1.178649
1.194552
1.148466
1.177676
1.166965
1.146194
1.171184
1.202017
1.187412
1.179947
1.201693
1.161123
1.165018
1.155606
1.153334
1.167939
1.125747
1.15593
1.202342
1.162097
1.209482
1.099458
1.157553
1.209806
1.145545
1.168913
1.200719
1.186439
1.171184
1.16015
1.13451
1.142299
1.134834
1.20007
1.191956
1.172483
1.165342
1.173132
1.139703
1.154632
1.180272
1.198772
1.18936
1.159825
1.154308
1.163071
1.160474
1.199421
1.213377
1.21078
1.115361
1.118931
1.204938
1.177026
1.146518
1.130291
1.227008
1.157553
1.178974
1.146194
1.134185
1.205263
1.1595
1.157878
1.154957
1.190982
1.155606
1.175728
1.176702
1.164369
1.204289
1.196824
1.188386
1.191956
1.165992
1.165018
1.181895
1.166641
1.169562
1.171184
1.189684
1.148141
1.150088
1.144571
1.176053
1.150413
1.205912
1.194877
1.146843
1.149439
1.201693
1.158527
1.178
1.148141
1.14879
1.149764
1.16729
1.15593
1.171184
1.18936
1.173781
1.179298
1.162097
1.149439
1.195851
1.18157
1.127694
1.158851
1.177676
1.178974
1.1965
1.155281
1.16372
1.161123
1.147492
1.154632
1.154632
1.211429
1.127694
1.212078
1.153983
1.110493
1.158851
1.157878
1.124124
1.128668
1.18871
1.155606
1.151062
1.139703
1.120554
1.209157
1.10173
1.198772
1.190982
1.161772
1.210131
1.178974
1.194552
1.165667
1.171184
1.164044
1.153658
1.157229
1.178325
1.120554
1.14165
1.175404
1.179623