1.180597
1.189684
1.19293
1.177676
1.204614
1.171184
1.187737
1.179947
1.193579
1.163395
1.211105
1.206561
1.156255
1.180597
1.163395
1.211429
1.152036
1.15236
1.233824
1.176053
1.150413
1.204289
1.150413
1.219868
1.138729
1.164369
1.165667
1.173456
1.168588
1.18514
1.198123
1.202017
1.153983
1.170211
1.211429
1.177351
1.190009
1.188061
1.179623
1.18936
1.190658
1.182868
1.184491
1.208508
1.193903
1.178974
1.183193
1.214999
1.172158
1.184167
1.121528
1.176702
1.191631
1.18514
1.158851
1.16015
1.189684
1.14522
1.175404
1.178325
1.156904
1.178
1.176702
1.19293
1.168913
1.174755
1.171184
1.183842
1.181895
1.115361
1.191307
1.178325
1.173781
1.217596
1.178974
1.157553
1.179298
1.198123
1.186439
1.202666
1.1595
1.202017
1.193903
1.207535
1.208508
1.208833
1.19293
1.189684
1.179298
1.16372
1.185789
1.201693
1.195202
1.18514
1.193254
1.191956
1.182868
1.193254
1.162421
1.185465
1.172807
1.20007
1.170211
1.158851
1.18871
1.172158
1.201044
1.215973
1.15593
1.172158
1.193903
1.178974
1.181895
1.163395
1.19293
1.1595
1.173132
1.192281
1.193254
1.18157
1.18871
1.168913
1.195851
1.196175
1.178325
1.196824
1.196175
1.160474
1.204289
1.134185
1.154957
1.13094
1.146194
1.182544
1.170211
1.13094
1.164369
1.153334
1.156579
1.198123
1.179947
1.198447
1.14879
1.192281
1.20364
1.201368
1.196175
1.186763
1.191307
1.209482
1.175079
1.193903
1.204289
1.198123
1.187412
1.20364
1.205587
1.169562
1.164044
1.216298
1.159825
1.165667
1.17086
1.165342
1.184167
1.199421
1.20364
1.210456
1.181895
1.1595
1.183518
1.180921
1.189035
1.248753
1.201368
1.205912
1.162746
1.170535
1.20721
1.214999
1.173456
1.177676
1.217271
1.178649
1.207859
1.187737
1.166965
1.190333
1.18871
1.155281
1.183842
1.161448
1.177026
1.155281
1.168588
1.169562
1.146194
1.168588
1.185789
1.195526
1.162421
1.185789
1.184167
1.165667
1.176702
1.193254
1.185789
1.145545
1.197798
1.168588
1.17443
1.202991
1.152685
1.183842
1.203964
1.154308
1.18157
1.191631
1.147167
1.183193
1.194877
1.161772
1.200719
1.16015
1.183193
1.183193
1.16372
1.191631
1.144246
1.171834
1.178
1.208184
1.208184
1.207535
1.211105
1.184491
1.204289
1.186439
1.195202
1.183518
1.203964
1.178325
1.169237
1.201044
1.18871
1.149115
1.194552
1.18514
1.157878
1.182219
1.178
1.167939
1.187737
1.130615
1.180921
1.164044
1.122501
1.200394
1.177026
1.162097
1.157553
1.171834
1.188386
1.235122
1.164369
1.187088
1.18936
1.198123
1.179623
1.169562
1.190982
1.179947
1.214026
1.192605
1.208508
1.196175
1.147816
1.212403
1.181895
1.142299
1.165992
1.177026
1.162746
1.206561
1.178
1.178325
1.155281
1.186763
1.135159
1.189035
1.143922
1.162097
1.214026
1.147492
1.229604
1.143597
1.193903
1.206561
1.183518
1.187088
1.168913
1.198123
1.20364
1.211429
1.176702
1.158851
1.197473
1.184816
1.171834
1.191631
1.157878
1.150737
1.198447
1.182544
1.181246
1.197798
1.18157
1.1965
1.19293
1.187088
1.205587
1.220841
1.178974
1.195526
1.199096
1.186439
1.18871
1.177676
1.211754
1.194552
1.198123
1.222789
1.21435
1.216298
1.216622
1.208833
1.197149
1.211105
1.142299
1.220517
1.199421
1.169886
1.184167
1.147167
1.173132
1.17443
1.182219
1.173781
1.194228
1.171834
1.188386
1.162097
1.168588
1.210456
1.150737
1.204614
1.190333
1.156255
1.195202
1.170211
1.168588
1.207535
1.175728
1.180597
1.183842
1.180597
1.204938
1.172483
1.188061
1.156255
1.161772
1.169237
1.162746
1.131913
1.160799
1.173456
1.18514
1.216622
1.151062
1.195851
1.209806
1.165342
1.228306
1.19293
1.175404
1.190009
1.147816
1.205587
1.193903
1.211429
1.232201
1.185465
1.220192
1.205587
1.178325
1.201693
1.190982
1.174755
1.192605
1.177351
1.174105
1.185465
1.219219
1.227332
1.153983
1.18514
1.162746
1.213052
1.201044
1.170535
1.226034
1.195202
1.181246
1.222464
1.18936
1.164044
1.214675
1.157553
1.211754
1.20007
1.204289
1.215324
1.167939
1.215648
1.184816
1.139378
1.179298
1.178649
1.193903
1.161123
1.195202
1.162421
1.183518
1.210131
1.198772
1.224411
1.214026
1.202666
1.221166
1.207859
1.183193
1.162746
1.218894
1.164693
1.212727
1.171184
1.142299
1.180597
1.141325
1.182219
1.219868
1.184491
1.212403
1.186763
1.197149
1.193254
1.154308
1.150088
1.179623
1.165018
1.179623
1.237069
1.198123
1.201044
1.190333
1.177676
1.197798
1.191631
1.197149
1.194552
1.184816
1.211429
1.186114
1.176702
1.199096
1.163395
1.205263
1.192605
1.227332
1.191631
1.187412
1.179947
1.18514
1.178974
1.198123
1.173132
1.156255
1.180597
1.196824
1.195202
1.207859
1.166641
1.177026
1.194228
1.210456
1.199745
1.183518
1.172483
1.174755
1.202991
1.190658
1.183193
1.210131
1.201693
1.196175
1.191956
1.20364
1.21792
1.168913
1.18936
1.178649
1.169886
1.213701
1.204614
1.16015
1.199745
1.157878
1.204614
1.170535
1.198772
1.202017
1.201693
1.175079
1.135483
1.186763
1.106273
1.169886
1.164693
1.139703
1.178974
1.169886
1.156904
1.176053
1.194877
1.150413
1.162421
1.152036
1.183842
1.179623
1.185789
1.184167
1.188386
1.209806
1.137106
1.200394
1.191956
1.173781
1.204614
1.192281
1.170535
1.208833
1.153334
1.183193
1.147167
1.19293
1.193579
1.157878
1.175404
1.188386
1.18514
1.159176
1.211105
1.216947
1.194228
1.196175
1.204938
1.16372
1.215324
1.176702
1.193903
1.183518
1.150737
1.224411
1.154308
1.209806
1.230578
1.163395
1.252323
1.175404
1.182219
1.189684
1.157553
1.233499
1.178649
1.154308
1.187412
1.16729
1.178
1.153658
1.142624
1.186763
1.154957
1.159176
1.195202
1.214026
1.192605
1.195851
1.224736
1.211429
1.209157
1.198447
1.154632
1.20007
1.171834
1.171509
1.17443
1.16372
1.20364
1.201044
1.220841
1.22214
1.208508
1.219868
1.209482
1.166316
1.175728
1.209482
1.203315
1.149764
1.218894
1.205912
1.195851
1.203964
1.183518
1.162097
1.215324
1.174755
1.196175
1.218569
1.178974
1.183193
1.213701
1.204289
1.145869
1.210131
1.184167
1.163395
1.170211
1.17443
1.205912
1.177676
1.160799
1.1965
1.202666
1.178325
1.168263
1.188386
1.167939
1.198447
1.170211
1.143597
1.175079
1.214999
1.210131
1.170211
1.178325
1.184816
1.16015
1.205263
1.192605
1.190982
1.204289
1.206236
1.191631
1.167939
1.166641
1.211429
1.180272
1.183193
1.204614
1.183193
1.190658
1.184816
1.176053
1.185465
1.188061
1.193579
1.127694
1.18871
1.203964
1.197149
1.202991
1.183518
1.165342
1.194552
1.169237
1.232525
1.158527
1.150737
1.165342
1.182544
1.169237
1.1965
1.161123
1.155281
1.178649
1.145545
1.173456
1.205263
1.185465
1.170535
1.163395
1.16015
1.184167
1.178
1.205587
1.159825
1.164044
1.190009
1.202017
1.170535
1.198123
1.203964
1.179298
1.181246
1.190333
1.192281
1.192605
1.18936
1.187412
1.190009
1.185789
1.198447
1.174105
1.209482
1.195202
1.179947
1.198447
1.200394
1.191307
1.213377
1.179947
1.190982
1.177676
1.168913
1.194552
1.186114
1.144246
1.165018
1.155606
1.165342
1.161772
1.156579
1.186763
1.168588
1.148466
1.175079
1.154308
1.176702
1.169237
1.167939
1.150737
1.175404
1.178974
1.226034
1.170535
1.194228
1.181895
1.193903
1.189684
1.184816
1.189035
1.170211
1.176053
1.195851
1.187412
1.197473
1.191631
1.179298
1.168588
1.18871
1.173781
1.202342
1.148466
1.192605
1.186439
1.204938
1.184816
1.202017
1.177026
1.128992
1.214026
1.178974
1.166965
1.182219
1.156255
1.126396
1.182219
1.167939
1.17086
1.195202
1.165018
1.175728
1.213377
1.202342
1.183842
1.23642
1.167614
1.156255
1.192281
1.145869
1.150088
1.206236
1.196824
1.200394
1.203964
1.201044
1.155606
1.193254
1.204938
1.183193
1.196824
1.219219
1.191956
1.158527
1.158527
1.205263
1.180921
1.16729
1.220841
1.178
1.173456
1.189684
1.211105
1.196175
1.21792
1.187412
1.16372
1.167614
1.1965
1.161448
1.178974
1.191307
1.161448
1.167614
1.176702
1.153334
1.172483
1.196824
1.156255
1.230578
1.173132
1.148466
1.209157
1.18157
1.161448
1.18871
1.178649
1.183842
1.202017
1.198123
1.158851
1.215324
1.195202
1.178974
1.191956
1.192281
1.165018
1.205263
1.183842
1.200394
1.203964
1.17086
1.195851
1.157878
1.19293
1.204938
1.175079
1.192605
1.127694
1.176377
1.166965
1.133861
1.197473
1.186439
1.194552
1.1965
1.164693
1.178325
1.210131
1.190982
1.200394
1.180921
1.201044
1.157229
1.177351
1.183842
1.197149
1.186439
1.178974
1.193903
1.207535
1.156579
1.172483
1.18936
1.177676
1.138404
1.148141
1.153658
1.142299
1.1965
1.193254
1.179298
1.204614
1.178974
1.20007
1.165992
1.187412
1.180272
1.159825
1.153334
1.18157
1.183518
1.18936
1.120229
1.209482
1.150737
1.164693
1.183193
1.178
1.190658
1.192281
1.176702
1.169237
1.187088
1.14165
1.170211
1.175728
1.156579
1.188061
1.155281
1.13094
1.195526
1.189684
1.198772
1.206885
1.172807
1.180272
1.182868
1.191956
1.188061
1.17443
1.183193
1.176377
1.16729
1.197798
1.138729
1.201044
1.120229
1.191307
1.161772
1.154957
1.177026
1.1595
1.207859
1.173456
1.178974
1.192605
1.135808
1.172807
1.171184
1.151062
1.189684
1.191631
1.15593
1.214026
1.156579
1.150088
1.18514
1.185465
1.197798
1.20007
1.180597
1.164369
1.202666
1.146518
1.213701
1.181895
1.16729
1.174755
1.195202
1.211429
1.185465
1.193903
1.193579
1.175404
1.154632
1.20007
1.151711
1.191956
1.214026
1.167614
1.197149
1.184816
1.158202
1.173132
1.161772
1.202991
1.209157
1.194552
1.200394
1.175728
1.162421
1.187737
1.179623
1.197473
1.130291
1.186763
1.136133
1.154957
1.214999
1.169237
1.195202
1.17086
1.159825
1.197473
1.177026
1.202991
1.203964
1.165992
1.196824
1.191956
1.175079
1.206236
1.153983
1.186439
1.174105
1.194228
1.156579
1.169562
1.147167
1.156255
1.190658
1.165342
1.166965
1.193903
1.212078
1.192281
1.18936
1.193254
1.170535
1.204614
1.212078
1.199745
1.21435
1.206236
1.196824
1.188386
1.1965
1.194552
1.25849
1.241613
1.155281
1.210131
1.192605
1.172158
1.220841
1.202666
1.176702
1.177026
1.16015
1.167614
1.185789
1.178974
1.163395
1.192605
1.195851
1.150088
1.200394
1.183842
1.133212
1.226359
1.184491
1.218894
1.210131
1.177026
1.168588
1.165018
1.160799
1.186763
1.172483
1.203315
1.206236
1.213377
1.193579
1.177026
1.175728
1.151711
1.172807
1.175728
1.157553
1.165992
1.198123
1.169562
1.202017
1.183842
1.200719
1.191307
1.188061
1.17443
1.125747
1.155606
1.131264
1.174105
1.1595
1.143273
1.178325
1.138729
1.18514
1.175079
1.184816
1.185465
1.178974
1.12315
1.16372
1.173456
1.164693
1.184167
1.205587
1.157878
1.194552
1.171509
1.195202
1.191956
1.178649
1.184491
1.213377
1.179947
1.211429
1.139378
1.177676
1.195526
1.141001
1.20007
1.181246
1.178
1.202991
1.184816
1.20721
1.217271
1.190333
1.165667
1.189684
1.140352
1.187737
1.170211
1.131264
1.182868
1.203964
1.14165
1.166641
1.187088
1.196824
1.193254
1.151711
1.191631
1.211754
1.191956
1.199745
1.191956
1.173781
1.215973
1.171509
1.168913
1.176702
1.179298
1.157878
1.178974
1.216298
1.162746
1.21792
1.202342
1.151062
1.136457
1.202666
1.194877
1.205263
1.174755
1.18514
1.199745
1.164693
1.172807
1.232525
1.172158
1.197473
1.152685
1.171509
1.201693
1.133536
1.178
1.194877
1.173781
1.206236
1.200394
1.184491
1.179947
1.17443
1.149115
1.191956
1.167939
1.177026
1.21792
1.209157
1.176053
1.184167
1.16372
1.161448
1.182544
1.159825
1.173456
1.183842
1.195851
1.193903
1.197473
1.171184
1.173456
1.201368
1.197473
1.202666
1.199421
1.164044
1.152036
1.188386
1.130291
1.177676
1.1965
1.187412
1.195526
1.181246
1.166965
1.211429
1.197798
1.116335
1.195851
1.16372
1.175404
1.172483
1.18871
1.237718
1.206561
1.220517
1.194228
1.153658
1.243885
1.167614
1.198447
1.191956
1.202342
1.155281
1.206561
1.166965
1.135159
1.194228
1.188386
1.177351
1.162097
1.153009
1.173132
1.157229
1.13808
1.185789
1.152685
1.164369
1.164369
1.142624
1.147816
1.186114
1.13808
1.206885
1.191956
1.179623
1.176377
1.162097
1.190982
1.191307
1.180272
1.163071
1.160474
1.171834
1.153658
1.150737
1.220517
1.16372
1.183518
1.183193
1.17443
1.191307
1.198123
1.190982
1.193254
1.180921
1.182219
1.186114
1.191307
1.171184
1.170211
1.224736
1.180597
1.187088
1.202666
1.175728
1.198447
1.156255
1.179298
1.213052
1.177026
1.218245
1.180921
1.18936
1.166641
1.149115
1.171184
1.191956
1.162746
1.224411
1.140027
1.213701
1.189684
1.138729
1.198447
1.178649
1.157553
1.201044
1.131264
1.180272
1.18157
1.186114
1.209157
1.153009
1.184491
1.169886
1.11601
1.172483
1.187088
1.153009
1.205912
1.165667
1.157553
1.18871
1.140352
1.171509
1.176377
1.179623
1.176702
1.159176
1.1595
1.163071
1.182868
1.176053
1.184816
1.129317
1.197798
1.18514
1.186439
1.226034
1.189684
1.178
1.181895
1.1595
1.178
1.203964
1.16372
1.159825
1.161772
1.154632
1.214999
1.189684
1.146194
1.19293
1.201368
1.153658
1.199421
1.181895
1.180921
1.184816
1.202342
1.210131
1.188386
1.193903
1.202342
1.158527
1.213377
1.199096
1.183193
1.18514
1.20007
1.190982
1.165342
1.171834
1.161448
1.157229
1.173456
1.114063
1.154308
1.163071
1.180921
1.18871
1.158527
1.168263
1.188386
1.185789
1.19293
1.206561
1.150088
1.195526
1.166965
1.179298
1.192281
1.194552
1.164369
1.176053
1.156579
1.132887
1.153658
1.162097
1.147816
1.179623
1.163071
1.190333
1.183518
1.16372
1.209806
1.187088
1.214026
1.191956
1.151062
1.202666
1.206236
1.187737
1.197149
1.202666
1.16015
1.179947
1.182219
1.174105
1.1965
1.198447
1.189035
1.20364
1.140676
1.171509
1.182219
1.16729
1.150088
1.19293
1.187088
1.158527
1.175728
1.165667
1.165342
1.171834
1.182544
1.174755
1.177351
1.186439
1.164693
1.157229
1.183842
1.151711
1.208833
1.179623
1.193903
1.21792
1.190333
1.231227
1.171184
1.203964
1.189035
1.200394
1.226034
1.166965
1.160799
1.190982
1.220517
1.169562
1.164693
1.202342
1.171834
1.14165
1.146843
1.120554
1.191631
1.185789
1.213701
1.22214
1.186763
1.204289
1.19293
1.166965
1.18936
1.196175
1.195526
1.165342
1.215324
1.187737
1.173781
1.184491
1.183193
1.144895
1.178649
1.168588
1.170211
1.20364
1.198123
1.169562
1.162421
1.181246
1.187088
1.144246
1.169562
1.164693
1.132562
1.190333
1.157553
1.18936
1.165992
1.21435
1.176377
1.175728
1.201044
1.184491
1.1965
1.201044
1.22571
1.211754
1.208184
1.222464
1.180597
1.19293
1.175404
1.203315
1.181895
1.177351
1.180597
1.139378
1.200394
1.187088
1.192281
1.230903
1.193254
1.212078
1.182868
1.144895
1.193903
1.162421
1.181895
1.21792
1.187737
1.146194
1.170211
1.186763
1.177026
1.178974
1.167614
1.162746
1.174755
1.135159
1.177351
1.172807
1.185789
1.23285
1.18871
1.126396
1.182868
1.19293
1.186439
1.20721
1.183193
1.190658
1.176702
1.187412
1.179623
1.195202
1.18514
1.146518
1.190333
1.17443
1.159176
1.227008
1.180921
1.174755
1.192281
1.179623
1.179298
1.180921
1.158527
1.190982
1.151387
1.153658
1.196824
1.181895
1.20007
1.214999
1.202991
1.202666
1.1965
1.153983
1.179298
1.205263
1.158527
1.18936
1.157229
1.172158
1.170211
1.175079
1.201368
1.17443
1.144571
1.177676
1.151062
1.171184
1.165018
1.183842
1.175728
1.171184
1.210456
1.182219
1.184491
1.162421
1.146518
1.214999
1.222464
1.171834
1.20721
1.160474
1.171184
1.190009
1.177351
1.171184
1.153983
1.184491
1.166965
1.172807
1.227008
1.190982
1.189035
1.166965
1.156904
1.18936
1.169886
1.146518
1.216947
1.174755
1.194552
1.195851
1.191307
1.15236
1.175079
1.186114
1.165667
1.176053
1.20364
1.184816
1.14165
1.194877
1.131589
1.157878
1.150413
1.169886
1.175079
1.140027
1.160799
1.158851
1.162746
1.210456
1.134185
1.154957
1.185465
1.191631
1.159825
1.227332
1.176053
1.157229
1.190658
1.163395
1.212727
1.186763
1.157878
1.155281
1.187412
1.158851
1.191631
1.141974
1.185465
1.157229
1.160474
1.197149
1.177026
1.167939
1.180597
1.153983
1.211754
1.175079
1.166641
1.169562
1.179623
1.178
1.212403
1.184491
1.202991
1.224411
1.208184
1.162421
1.168913
1.21435
1.186114
1.200719
1.198447
1.187088
1.207859
1.196824
1.191956
1.171184
1.183842
1.185789
1.177351
1.170211
1.125098
1.167939
1.177676
1.168263
1.226359
1.178649
1.156579
1.213052
1.149764
1.161772
1.202991
1.168588
1.18871
1.20007
1.135483
1.202666
1.188061
1.182544
1.202666
1.166641
1.154632
1.195202
1.187088
1.18936
1.180597
1.162097
1.158202
1.171184
1.164044
1.221815
1.216947
1.218245
1.187412
1.184816
1.178649
1.231552
1.187088
1.225061
1.195526
1.187088
1.201693
1.183193
1.187412
1.193903
1.21078
1.198772
1.218569
1.225385
1.176377
1.166316
1.167614
1.183842
1.180597
1.199745
1.207859
1.172158
1.183193
1.174755
1.181895
1.170211
1.146194
1.156255
1.190009
1.156255
1.148466
1.152685
1.172483
1.161772
1.173132
1.111466
1.189035
1.144895
1.181895
1.165667
1.196824
1.167939
1.187737
1.220841
1.138404
1.213377
1.141001
1.120878
1.169886
1.18871
1.128668
1.178325
1.184816
1.152036
1.204938
1.166965
1.146843
1.190658
1.138729
1.213377
1.204614
1.174755
1.208184
1.178
1.197473
1.194552
1.168913
1.224087
1.178974
1.169237
1.186763
1.150413
1.166965
1.150737
1.14522
1.151062
1.175728
1.179947
1.19293
1.178
1.197473
1.182219
1.187737
1.151062
1.174755
1.191307
1.168913
1.196824
1.177351
1.173456
1.208508
1.227657
1.22928
1.211429
1.201368
1.184816
1.203964
1.22571
1.203315
1.181246
1.198123
1.1965
1.165342
1.207859
1.158851
1.168588
1.146518
1.174105
1.208833
1.188386
1.179623
1.186763
1.196824
1.156255
1.202342
1.207535
1.176702
1.216622
1.178974
1.154308
1.193903
1.175404
1.179298
1.193903
1.182544
1.190982
1.166965
1.183842
1.175404
1.190658
1.220192
1.175404
1.187412
1.149764
1.128992
1.190982
1.150088
1.201368
1.188061
1.201368
1.207859
1.181895
1.22149
1.181246
1.169562
1.162746
1.212078
1.197798
1.203315
1.199096
1.168588
1.177676
1.183842
1.163395
1.180597
1.207535
1.180597
1.160799
1.187412
1.151711
1.152685
1.197798
1.156579
1.194877
1.221166
1.121852
1.18514
1.172807
1.187088
1.17443
1.196824
1.188061
1.176053
1.186439
1.123475
1.196824
1.172807
1.175728
1.162421
1.194228
1.186114
1.16372
1.176377
1.1965
1.171184
1.177351
1.189684
1.147816
1.176053
1.193903
1.137755
1.154632
1.179947
1.186439
1.184491
1.177351
1.192281
1.216298
1.178325
1.201693
1.221815
1.193254
1.144895
1.17443
1.18871
1.148141
1.200719
1.150737
1.147492
1.132562
1.142624
1.154957
1.145869
1.197149
1.144571
1.188386
1.211429
1.158527
1.188061
1.201693
1.171834
1.162421
1.185789
1.177351
1.180272
1.175404
1.173132
1.214999
1.183193
1.215648
1.144895
1.175404
1.178
1.174105
1.220841
1.223113
1.163395
1.227332
1.171509
1.182219
1.213701
1.156579
1.208833
1.193254
1.142948
1.201693
1.169237
1.156579